100 1 0 0 0 0 0
485 0 1 0 0 0 0
750 0 0 1 0 0 0
1600 0 0 0 0 0 1
2000 0 0 0 0 1 0
2350 0 0 0 1 0 0
2850 1 0 0 0 0 0
3300 0 1 0 0 0 0
3650 0 0 1 0 0 0
3900 0 0 1 0 0 0
4300 0 0 0 1 0 0
4420 0 0 0 1 0 0
4830 0 0 0 0 0 1
5220 0 0 0 0 1 0
5500 0 0 0 1 0 0
6000 1 0 0 0 0 1
6350 1 0 0 0 0 0
6780 0 1 0 0 0 0
7050 0 0 1 0 0 0
8000 0 0 0 0 0 1
8350 0 0 0 0 1 0
8630 0 0 0 1 0 0
9150 0 1 0 0 1 0
9500 1 0 0 0 0 0
9910 0 1 0 0 0 0
10200 0 0 1 0 0 0
10700 0 1 0 0 1 0
11080 0 0 0 0 0 1
11510 0 0 0 0 1 0
11795 0 0 0 1 0 0
12310 1 0 0 0 0 1
12725 0	1 0 0 0	0
13080 0	0 1 0 0	0
13400 0	0 1 0 0	0
14300 0	0 0 0 1	0
14680 0	0 0 1 0	0
14950 0	0 0 1 0	0
15460 0	0 1 1 0	0
15860 0	1 0 0 0	0
16230 0	0 1 0 0	0
16540 0	0 1 0 0	0
16950 1	0 0 0 0	1
17085 1	0 0 0 0	1
17450 0	0 0 0 1	0
17860 0	0 0 1 0	0
18130 0	0 0 1 0	0
18620 0	0 1 1 0	0
19060 0	1 0 0 0	0
19440 0	0 1 0 0	0
19680 0	0 1 0 0	0
20670 0	0 0 0 1	0
20995 0	0 0 1 0	0
21265 0	0 0 1 0	0
21810 0	0 1 1 0	0
22220 0	1 0 0 0	0
22585 0	0 1 0 0	0
22860 0	0 1 0 0	0
23770 0	0 0 0 1	0
24180 0	0 0 1 0	0
24415 0	0 0 1 0	0
24950 0	0 1 1 0	0
25350 1	0 0 0 0	0
26170 0	0 1 0 0	0
26870 0	0 0 1 0	0
27720 0	0 0 0 0	1
28580 0	0 0 0 0	1
29310 0	0 0 1 0	0
30050 0	0 1 0 0	0
30860 1	0 0 0 0	0
31695 1	0 0 0 0	0
32450 0	0 1 0 0	0
33260 0	0 0 1 0	0
34040 0	0 0 0 0	1
34950 0	0 0 0 0	1
35720 0	0 0 1 0	0
36500 0	0 1 0 0	0
37350 1	0 0 0 0	0
40000 0 0 0 0 0 0
